Alpha minimum = 0.100000   q = 0.051747
W[0] = -144.159438
W[1] = 334.312856
W[2] = 3.400000
